FORACID
1000100000049655
1000100000026655
1050100000003660
1000100000054655
1060100000036655
0980100000142660
1060100000071660
1030100000028655
1040100000044660
1020100000024660
1000100000116660
1090100000011672
1020100000025660
1090100000006672
1000100000045660
1000100000080660
1060100000017660
1070100000033655
1050100000021655
1000100000003655
0980100000084660
1010100000007655
1050100000015631
1040100000006655
0980100000130655
1070100000049655
1010100000056637
1090100000009672
0980100000139660
1080100000008655
1090100000023655
0990100000041660
1000100000077660
1070100000046655
1060100000011660
0990100000003660
0990100000002657
0990100000069660
1010100000033637
1060100000053660
1090100000011655
1070100000051655
1050100000015660
1080100000011655
0980100000015660
1060100000045655
1030100000023660
0980100000102660
1020100000033660
0980100000007672
0980100000013660
1030100000026660
1060100000008655
0990100000015672
0980100000049660
1000100000028660
1000100000020655
1030100000030655
0980100000104655
0990100000055660
1030100000051660
0990100000047655
1010100000029631
1070100000021655
1060100000004660
1070100000025655
1040100000034655
1040100000042655
1010100000021637
1050100000004655
1000100000089660
1060100000056660
1040100000027655
0990100000092660
0980100000077655
1030100000060660
1000100000055660
1040100000010655
0960100000059660
0990100000037660
1070100000045655
1030100000050660
0980100000109655
0990100000006660
0980100000142655
1060100000005655
0990100000046660
1010100000004660
1020100000015660
1000100000104660
1070100000001655
0960100000057660
1020100000009660
1060100000050655
0960100000046660
1020100000007660
0980100000064660
1020100000037655
1070100000038655
1030100000013655
1030100000006655
1010100000004631
0980100000136655
1070100000016655
0980100000060655
1020100000090660
1090100000017672
1020100000042655
1060100000028655
1020100000084660
1030100000015655
1060100000118660
0960100000065660
1000100000013660
1020100000021660
1020100000099660
1060100000090660
1010100000043637
1070100000004655
1030100000004660
1060100000114660
1030100000013660
1090100000002672
1070100000008655
0990100000051660
0990100000005660
1010100000014660
1010100000012637
0980100000118655
1020100000059660
1040100000025655
0980100000043660
0990100000026655
1030100000003657
1060100000096660
1020100000096660
0990100000046655
1020100000038655
1060100000047660
0990100000072660
1020100000025655
1040100000009655
1030100000054660
0980100000079660
1000100000056660
1040100000005655
0980100000046655
0990100000001655
1020100000028660
0980100000144655
0980100000031660
1030100000040660
1010100000031631
1020100000072660
0980100000002660
0990100000004672
1090100000013655
0960100000025660
1000100000008625
0960100000013660
1040100000046655
1090100000008655
1010100000037637
1040100000008655
1020100000106660
1000100000079660
1060100000014660
0980100000005660
1040100000028655
1000100000045655
0960100000075660
1000100000037660
1030100000030660
1090100000036655
0980100000129660
1060100000049655
1040100000064660
0990100000090660
1000100000052655
1010100000069637
0960100000108660
1010100000026637
0990100000060655
0990100000101660
0980100000101655
1060100000073660
1010100000036637
1040100000012660
0990100000044660
1010100000018637
1030100000031655
1020100000089660
1040100000055655
1030100000022660
1010100000015660
1050100000008660
0980100000102655
0990100000003625
1030100000020660
0980100000086655
1030100000001671
1000100000004672
0990100000071660
0980100000050660
1000100000075660
0990100000061660
0960100000005660
1020100000019655
1070100000050655
0990100000004625
0960100000102660
1020100000095660
1090100000027655
0980100000112655
0960100000049660
1070100000041655
1030100000058660
0990100000119660
1040100000012655
0980100000086660
1000100000008660
0980100000099660
1000100000030655
1000100000021655
1090100000028655
1010100000002637
0980100000079655
0990100000018672
0980100000060660
1060100000005660
0960100000004660
1050100000009660
0990100000124660
1030100000033655
0990100000047660
1040100000033655
1030100000019655
1040100000007660
1050100000018660
1020100000022660
0990100000019672
0980100000131660
1060100000023660
1030100000041660
1090100000006660
1020100000035660
1090100000020655
1020100000020660
1010100000006631
1070100000008660
1060100000001655
1070100000026660
0980100000051660
1040100000019660
1000100000039660
1050100000016660
0980100000127660
1060100000079660
0980100000122655
0990100000022672
1060100000035660
1030100000007660
0990100000053655
1020100000030655
0980100000092660
1050100000001631
1010100000057637
1060100000057660
0990100000018655
1020100000103660
1010100000073637
1020100000026660
1000100000041655
1030100000061660
0960100000113660
1000100000009660
1090100000010672
1090100000003655
1040100000015660
1040100000025660
1040100000004660
1010100000014637
0980100000135660
1000100000057660
0980100000058660
1020100000042660
0990100000074660
1060100000115660
1090100000013672
1050100000012631
0990100000104660
0980100000141655
1020100000086660
1030100000038655
1010100000055637
0980100000063660
0990100000050655
1070100000055655
0980100000020660
1010100000001655
1030100000034655
1050100000001672
1070100000015655
1000100000051655
1040100000004655
1060100000006660
1050100000010655
0960100000030660
1010100000017660
0990100000073660
0980100000032660
1000100000029660
1000100000038655
1070100000004660
1030100000003655
1020100000024655
1010100000005637
1000100000109660
1020100000027655
1010100000016637
1060100000110660
1050100000029631
1040100000053655
1030100000012660
1010100000065637
1070100000017660
1010100000023637
1020100000032655
1060100000039655
1010100000010637
1010100000009660
1010100000004655
0960100000002660
1050100000019655
0980100000114660
0980100000055655
1060100000012660
1050100000017631
1000100000029655
1000100000071660
1040100000051660
1060100000044655
1070100000052655
1040100000011655
1020100000011660
1040100000038660
1050100000019660
1060100000054660
1020100000001672
1050100000004660
0990100000030660
1070100000003660
0980100000105655
1050100000037660
1050100000002655
1030100000008660
1020100000071660
1060100000089660
0990100000043660
1020100000017655
0980100000155655
1010100000016631
1040100000011660
1000100000093660
1020100000031660
1050100000002623
1050100000002631
1070100000020655
1070100000005655
1020100000023655
1000100000085660
1010100000066637
0990100000012655
0990100000017660
0980100000027660
1040100000003655
1050100000022660
0980100000056660
0960100000018660
1010100000020637
1030100000012655
1010100000028631
1060100000011655
0980100000098655
1090100000004655
1010100000016660
1020100000069660
1020100000050660
0960100000089660
1050100000019631
0980100000048655
1050100000020655
1020100000088660
0980100000029660
1020100000076660
1040100000018660
0960100000088660
1030100000049660
1000100000111660
1000100000014660
1060100000018655
1060100000070660
1090100000030655
0990100000082660
1030100000032660
1070100000058655
1050100000009655
0990100000011660
1000100000002655
0980100000141660
1090100000018672
1050100000006660
1030100000035655
1010100000002655
1050100000012660
1040100000009660
1030100000063660
0960100000022660
0990100000024655
0980100000145655
1060100000062660
1050100000028660
1020100000029660
0990100000083660
1000100000035660
1020100000043655
1060100000047655
1000100000002631
1020100000003655
1050100000005631
1000100000047655
0960100000043660
1070100000020660
0980100000125655
1000100000001655
1030100000001660
0980100000143660
1090100000037655
1060100000048655
0980100000071655
1090100000004672
1010100000035631
1090100000026655
1030100000048660
0980100000076655
1040100000020655
1070100000010660
1040100000049655
0960100000026660
0990100000029655
1050100000027631
0990100000041655
0980100000072660
1050100000013631
1000100000056655
1030100000047660
1050100000013660
